{
  "3": [
    [ -100.0, -100.0, -100.0, -100.0, -100.0, -100.0, -100.0, -100.0, -100.0, -100.0, -100.0, -100.0, -100.0, -100.0, -100.0, -100.0, -100.0, -100.0, -100.0, -100.0 ],
    [ -100.0, -8.384669684755206, -8.205188538616895, -8.14697981114816, -7.94108867905351, -8.093734223464384, -7.881511020749042, -7.643734223464385, -7.381511020749041, -7.643734223464385, -7.881511020749042, -8.093734223464384, -8.286511020749042, -8.458234223464386, -8.614561020749042, -8.753479223464387, -8.880281520749044, -8.992627673464385, -9.095515125749046, -100.0 ],
    [ -100.0, -8.205188538616895, -8.005765042907662, -7.94108867905351, -7.7123207545039, -7.94108867905351, -8.093734223464384, -7.881511020749042, -7.643734223464385, -7.881511020749042, -8.093734223464384, -8.286511020749042, -8.458234223464386, -8.614561020749042, -8.753479223464387, -8.880281520749044, -8.992627673464385, -9.095515125749046, -9.186337917964389, -100.0 ],
    [ -100.0, -8.005765042907662, -7.7841833810085115, -7.7123207545039, -7.458134171671, -7.7123207545039, -7.94108867905351, -8.093734223464384, -7.881511020749042, -12.093734223464384, -8.286511020749042, -8.458234223464386, -8.614561020749042, -100.0, -100.0, -100.0, -9.095515125749046, -9.186337917964389, -9.269854345799043, -100.0 ],
    [ -100.0, -7.7841833810085115, -7.537981534453902, -7.458134171671, -7.175704635190001, -7.458134171671, -7.7123207545039, -7.94108867905351, -8.093734223464384, -8.286511020749042, -8.458234223464386, -8.614561020749042, -8.753479223464387, -8.880281520749044, -8.992627673464385, -9.095515125749046, -9.186337917964389, -9.269854345799043, -9.343243216009387, -100.0 ],
    [ -100.0, -7.537981534453902, -7.264423927171002, -7.175704635190001, -6.861894039100001, -7.175704635190001, -100.0, -7.7123207545039, -7.94108867905351, -8.14697981114816, -8.332281830033345, -8.49905364703001, -8.649148282327008, -8.784233454094307, -8.905810108684877, -9.01522909781639, -9.113706188034751, -9.202335569231277, -9.28210201230815, -100.0 ],
    [ -100.0, -7.264423927171002, -6.960471030190002, -6.861894039100001, -6.5132155990000005, -6.861894039100001, -100.0, -7.458134171671, -7.7123207545039, -7.94108867905351, -100.0, -100.0, -100.0, -100.0, -100.0, -100.0, -100.0, -100.0, -100.0, -100.0 ],
    [ -100.0, -6.960471030190002, -6.622745589100002, -10.247495099000002, -6.12579511, -6.5132155990000005, -100.0, -7.175704635190001, -7.458134171671, -7.7123207545039, -7.94108867905351, -8.14697981114816, -8.332281830033345, -8.49905364703001, -8.649148282327008, -8.608620807505783, -8.454398606308432, -8.28057080750578, -8.08989860630843, -100.0 ],
    [ -100.0, -6.622745589100002, -6.247495099000002, -5.830550110000002, -5.6953279000000006, -6.12579511, -100.0, -6.861894039100001, -7.175704635190001, -7.458134171671, -7.7123207545039, -7.94108867905351, -8.14697981114816, -8.332281830033345, -8.49905364703001, -8.454398606308432, -8.28057080750578, -8.08989860630843, -7.875570807505781, -100.0 ],
    [ -100.0, -6.247495099000002, -5.830550110000002, -5.367277900000001, -5.217031, -5.6953279000000006, -100.0, -6.5132155990000005, -6.861894039100001, -7.175704635190001, -7.458134171671, -7.7123207545039, -7.94108867905351, -8.14697981114816, -8.332281830033345, -8.28057080750578, -8.08989860630843, -7.875570807505781, -7.639898606308432, -100.0 ],
    [ -100.0, -5.830550110000002, -5.367277900000001, -4.852531000000001, -4.68559, -5.217031, -100.0, -6.12579511, -6.5132155990000005, -6.861894039100001, -7.175704635190001, -7.458134171671, -7.7123207545039, -7.94108867905351, -100.0, -8.08989860630843, -7.875570807505781, -7.639898606308432, -7.375570807505781, -100.0 ],
    [ -100.0, -5.367277900000001, -4.852531000000001, -4.28059, -4.0951, -100.0, -100.0, -5.6953279000000006, -6.12579511, -6.5132155990000005, -6.861894039100001, -7.175704635190001, -7.458134171671, -7.7123207545039, -100.0, -8.14697981114816, -8.08989860630843, -7.875570807505781, -7.639898606308432, -100.0 ],
    [ -100.0, -4.852531000000001, -4.28059, -3.6451000000000002, -3.439, -4.0951, -4.68559, -5.217031, -5.6953279000000006, -6.12579511, -6.5132155990000005, -100.0, -100.0, -100.0, -100.0, -7.94108867905351, -8.14697981114816, -8.08989860630843, -7.875570807505781, -100.0 ],
    [ -100.0, -4.28059, -3.6451000000000002, -2.939, -2.71, -3.439, -4.0951, -4.68559, -5.217031, -5.6953279000000006, -6.12579511, -6.5132155990000005, -6.861894039100001, -100.0, -7.458134171671, -7.7123207545039, -7.94108867905351, -8.14697981114816, -8.08989860630843, -100.0 ],
    [ -100.0, -4.0951, -3.439, -2.71, -1.9, -2.71, -3.439, -4.0951, -4.68559, -5.217031, -5.6953279000000006, -6.12579511, -6.5132155990000005, -100.0, -7.175704635190001, -7.458134171671, -7.7123207545039, -7.94108867905351, -8.14697981114816, -100.0 ],
    [ -100.0, -3.439, -2.71, -1.9, -1.0, -1.9, -2.71, -3.439, -100.0, -100.0, -5.217031, -5.6953279000000006, -6.12579511, -100.0, -6.861894039100001, -7.175704635190001, -7.458134171671, -7.7123207545039, -7.94108867905351, -100.0 ],
    [ -100.0, -2.71, -1.9, -1.0, 0.0, -1.0, -1.9, -2.71, -3.439, -4.0951, -4.68559, -5.217031, -5.6953279000000006, -6.12579511, -6.5132155990000005, -6.861894039100001, -7.175704635190001, -7.458134171671, -7.7123207545039, -100.0 ],
    [ -100.0, -3.439, -2.71, -1.9, -1.0, -1.9, -100.0, -3.439, -4.0951, -4.68559, -5.217031, -5.6953279000000006, -6.12579511, -6.5132155990000005, -6.861894039100001, -7.175704635190001, -7.458134171671, -7.7123207545039, -7.94108867905351, -100.0 ],
    [ -100.0, -4.0951, -3.439, -2.71, -1.9, -2.71, -100.0, -4.0951, -4.68559, -5.217031, -5.6953279000000006, -6.12579511, -6.5132155990000005, -6.861894039100001, -7.175704635190001, -7.458134171671, -7.7123207545039, -7.94108867905351, -8.14697981114816, -100.0 ],
    [ -100.0, -100.0, -100.0, -100.0, -100.0, -100.0, -100.0, -100.0, -100.0, -100.0, -100.0, -100.0, -100.0, -100.0, -100.0, -100.0, -100.0, -100.0, -100.0, -100.0 ]
  ],
  "4": [
    [ -100.0, -100.0, -100.0, -100.0, -100.0, -100.0, -100.0, -100.0, -100.0, -100.0, -100.0, -100.0, -100.0, -100.0, -100.0, -100.0, -100.0, -100.0, -100.0, -100.0 ],
    [ -100.0, -8.384669684755206, -8.205188538616895, -8.458320575145487, -8.287658386479768, -8.093820575145488, -7.882658386479767, -7.643820575145488, -7.382658386479767, -7.643820575145488, -7.882658386479767, -8.093820575145488, -8.287658386479768, -8.458320575145487, -8.615708386479769, -8.75356557514549, -8.881428886479771, -8.992714025145489, -9.09666249147977, -100.0 ],
    [ -100.0, -8.205188538616895, -8.005765042907662, -7.94108867905351, -7.7123207545039, -7.94108867905351, -8.093820575145488, -7.882658386479767, -7.643820575145488, -7.882658386479767, -8.093820575145488, -8.287658386479768, -8.458320575145487, -8.615708386479769, -8.75356557514549, -8.881428886479771, -8.992714025145489, -9.09666249147977, -9.186424269645487, -100.0 ],
    [ -100.0, -8.005765042907662, -7.7841833810085115, -7.7123207545039, -7.458134171671, -7.7123207545039, -7.94108867905351, -8.093820575145488, -7.882658386479767, -8.093820575145488, -8.287658386479768, -8.458320575145487, -8.615708386479769, -100.0, -100.0, -100.0, -9.09666249147977, -9.186424269645487, -9.271001711529767, -100.0 ],
    [ -100.0, -7.7841833810085115, -7.537981534453902, -7.458134171671, -7.175704635190001, -7.458134171671, -7.7123207545039, -7.94108867905351, -8.093820575145488, -8.287658386479768, -8.458320575145487, -8.615708386479769, -8.75356557514549, -8.881428886479771, -8.992714025145489, -9.09666249147977, -9.186424269645487, -9.271001711529767, -9.343329567690489, -100.0 ],
    [ -100.0, -7.537981534453902, -7.264423927171002, -7.175704635190001, -6.861894039100001, -7.175704635190001, -100.0, -7.7123207545039, -7.94108867905351, -8.14697981114816, -8.332281830033345, -8.49905364703001, -8.649148282327008, -8.784233454094307, -8.905810108684877, -9.01522909781639, -9.113706188034751, -9.272832568460883, -9.395952171337504, -100.0 ],
    [ -100.0, -7.264423927171002, -6.960471030190002, -6.861894039100001, -6.5132155990000005, -6.861894039100001, -100.0, -7.458134171671, -7.7123207545039, -7.94108867905351, -100.0, -100.0, -100.0, -100.0, -100.0, -100.0, -100.0, -100.0, -100.0, -100.0 ],
    [ -100.0, -6.960471030190002, -6.622745589100002, -10.247495099000002, -6.12579511, -6.5132155990000005, -100.0, -7.175704635190001, -7.458134171671, -7.7123207545039, -7.94108867905351, -8.14697981114816, -8.332281830033345, -8.49905364703001, -8.649148282327008, -8.619123480772393, -8.46539780384953, -12.291073480772393, -8.100897803849533, -100.0 ],
    [ -100.0, -6.622745589100002, -6.247495099000002, -5.830550110000002, -5.6953279000000006, -6.12579511, -100.0, -6.861894039100001, -7.175704635190001, -7.458134171671, -7.7123207545039, -7.94108867905351, -8.14697981114816, -8.332281830033345, -8.49905364703001, -8.46539780384953, -8.291073480772393, -8.100897803849533, -7.886073480772394, -100.0 ],
    [ -100.0, -6.247495099000002, -5.830550110000002, -5.367277900000001, -5.217031, -5.6953279000000006, -100.0, -6.5132155990000005, -6.861894039100001, -7.175704635190001, -7.458134171671, -7.7123207545039, -7.94108867905351, -8.14697981114816, -8.332281830033345, -8.291073480772393, -8.100897803849533, -7.886073480772394, -7.650897803849531, -100.0 ],
    [ -100.0, -5.830550110000002, -5.367277900000001, -4.852531000000001, -4.68559, -5.217031, -100.0, -6.12579511, -6.5132155990000005, -6.861894039100001, -7.175704635190001, -7.458134171671, -7.7123207545039, -7.94108867905351, -100.0, -8.100897803849533, -7.886073480772394, -7.650897803849531, -7.386073480772394, -100.0 ],
    [ -100.0, -5.367277900000001, -4.852531000000001, -4.28059, -4.0951, -100.0, -100.0, -5.6953279000000006, -6.12579511, -6.5132155990000005, -6.861894039100001, -7.175704635190001, -7.458134171671, -7.7123207545039, -100.0, -8.14697981114816, -8.100897803849533, -7.886073480772394, -7.650897803849531, -100.0 ],
    [ -100.0, -4.852531000000001, -4.28059, -3.6451000000000002, -3.439, -4.0951, -4.68559, -5.217031, -5.6953279000000006, -6.12579511, -6.5132155990000005, -100.0, -100.0, -100.0, -100.0, -7.94108867905351, -8.14697981114816, -8.100897803849533, -7.886073480772394, -100.0 ],
    [ -100.0, -4.28059, -3.6451000000000002, -2.939, -2.71, -3.439, -4.0951, -4.68559, -5.217031, -5.6953279000000006, -6.12579511, -6.5132155990000005, -6.861894039100001, -100.0, -7.458134171671, -7.7123207545039, -7.94108867905351, -8.14697981114816, -8.100897803849533, -100.0 ],
    [ -100.0, -4.0951, -3.439, -2.71, -1.9, -2.71, -3.439, -4.0951, -4.68559, -5.217031, -5.6953279000000006, -6.12579511, -6.5132155990000005, -100.0, -7.175704635190001, -7.458134171671, -7.7123207545039, -7.94108867905351, -8.14697981114816, -100.0 ],
    [ -100.0, -3.439, -2.71, -1.9, -1.0, -1.9, -2.71, -3.439, -100.0, -100.0, -5.217031, -5.6953279000000006, -6.12579511, -100.0, -6.861894039100001, -7.175704635190001, -7.458134171671, -7.7123207545039, -7.94108867905351, -100.0 ],
    [ -100.0, -2.71, -1.9, -1.0, 0.0, -1.0, -1.9, -2.71, -3.439, -4.0951, -4.68559, -5.217031, -5.6953279000000006, -6.12579511, -6.5132155990000005, -6.861894039100001, -7.175704635190001, -7.458134171671, -7.7123207545039, -100.0 ],
    [ -100.0, -3.439, -2.71, -1.9, -1.0, -1.9, -100.0, -3.439, -4.0951, -4.68559, -5.217031, -5.6953279000000006, -6.12579511, -6.5132155990000005, -6.861894039100001, -7.175704635190001, -7.458134171671, -7.7123207545039, -7.94108867905351, -100.0 ],
    [ -100.0, -4.0951, -3.439, -2.71, -1.9, -2.71, -100.0, -4.0951, -4.68559, -5.217031, -5.6953279000000006, -6.12579511, -6.5132155990000005, -6.861894039100001, -7.175704635190001, -7.458134171671, -7.7123207545039, -7.94108867905351, -8.14697981114816, -100.0 ],
    [ -100.0, -100.0, -100.0, -100.0, -100.0, -100.0, -100.0, -100.0, -100.0, -100.0, -100.0, -100.0, -100.0, -100.0, -100.0, -100.0, -100.0, -100.0, -100.0, -100.0 ]
  ],
  "5": [
    [ -100.0, -100.0, -100.0, -100.0, -100.0, -100.0, -100.0, -100.0, -100.0, -100.0, -100.0, -100.0, -100.0, -100.0, -100.0, -100.0, -100.0, -100.0, -100.0, -100.0 ],
    [ -100.0, -8.384669684755206, -8.205188538616895, -8.005765042907662, -7.94108867905351, -8.099480862692161, -7.884978082633964, -7.64948086269216, -7.384978082633964, -7.64948086269216, -7.884978082633964, -8.099480862692161, -8.289978082633965, -8.463980862692162, -8.618028082633963, -8.75922586269216, -8.883748582633965, -8.99837431269216, -9.098982187633961, -100.0 ],
    [ -100.0, -8.205188538616895, -8.005765042907662, -7.7841833810085115, -7.7123207545039, -7.94108867905351, -8.099480862692161, -7.884978082633964, -7.64948086269216, -7.884978082633964, -8.099480862692161, -8.289978082633965, -8.463980862692162, -8.618028082633963, -8.75922586269216, -8.883748582633965, -8.99837431269216, -9.098982187633961, -9.192084557192162, -100.0 ],
    [ -100.0, -8.005765042907662, -7.7841833810085115, -7.537981534453902, -7.458134171671, -7.7123207545039, -7.94108867905351, -8.099480862692161, -7.884978082633964, -12.099480862692161, -8.289978082633965, -8.463980862692162, -8.618028082633963, -100.0, -100.0, -100.0, -9.098982187633961, -9.192084557192162, -9.273321407683966, -100.0 ],
    [ -100.0, -7.7841833810085115, -7.537981534453902, -7.264423927171002, -7.175704635190001, -7.458134171671, -7.7123207545039, -7.94108867905351, -8.099480862692161, -8.289978082633965, -8.463980862692162, -8.618028082633963, -8.75922586269216, -8.883748582633965, -9.011015401535333, -9.110025187934555, -9.192084557192162, -9.273321407683966, -9.348989855237162, -100.0 ],
    [ -100.0, -7.537981534453902, -7.264423927171002, -6.960471030190002, -6.861894039100001, -7.175704635190001, -100.0, -7.7123207545039, -7.94108867905351, -8.14697981114816, -8.332281830033345, -8.49905364703001, -8.649148282327008, -8.784233454094307, -8.905810108684877, -9.01522909781639, -9.113706188034751, -9.202335569231277, -9.28210201230815, -100.0 ],
    [ -100.0, -7.264423927171002, -6.960471030190002, -6.622745589100002, -6.5132155990000005, -6.861894039100001, -100.0, -7.458134171671, -7.7123207545039, -7.94108867905351, -100.0, -100.0, -100.0, -100.0, -100.0, -100.0, -100.0, -100.0, -100.0, -100.0 ],
    [ -100.0, -6.960471030190002, -6.622745589100002, -6.247495099000002, -6.12579511, -6.5132155990000005, -100.0, -7.175704635190001, -7.458134171671, -7.7123207545039, -7.94108867905351, -8.14697981114816, -8.332281830033345, -8.49905364703001, -8.649148282327008, -8.615769550196909, -8.461727321212498, -12.287719550196908, -8.097227321212497, -100.0 ],
    [ -100.0, -6.622745589100002, -6.247495099000002, -5.830550110000002, -5.6953279000000006, -6.12579511, -100.0, -6.861894039100001, -7.175704635190001, -7.458134171671, -7.7123207545039, -7.94108867905351, -8.14697981114816, -8.332281830033345, -8.49905364703001, -8.461727321212498, -8.287719550196908, -8.097227321212497, -7.882719550196907, -100.0 ],
    [ -100.0, -6.247495099000002, -5.830550110000002, -5.367277900000001, -5.217031, -5.6953279000000006, -100.0, -6.5132155990000005, -6.861894039100001, -7.175704635190001, -7.458134171671, -7.7123207545039, -7.94108867905351, -8.14697981114816, -8.332281830033345, -8.287719550196908, -8.097227321212497, -7.882719550196907, -7.647227321212497, -100.0 ],
    [ -100.0, -5.830550110000002, -5.367277900000001, -4.852531000000001, -4.68559, -5.217031, -100.0, -6.12579511, -6.5132155990000005, -6.861894039100001, -7.175704635190001, -7.458134171671, -7.7123207545039, -7.94108867905351, -100.0, -8.097227321212497, -7.882719550196907, -7.647227321212497, -7.3827195501969065, -100.0 ],
    [ -100.0, -5.367277900000001, -4.852531000000001, -4.28059, -4.0951, -100.0, -100.0, -5.6953279000000006, -6.12579511, -6.5132155990000005, -6.861894039100001, -7.175704635190001, -7.458134171671, -7.7123207545039, -100.0, -8.14697981114816, -8.097227321212497, -7.882719550196907, -7.647227321212497, -100.0 ],
    [ -100.0, -4.852531000000001, -4.28059, -3.6451000000000002, -3.439, -4.0951, -4.68559, -5.217031, -5.6953279000000006, -6.12579511, -6.5132155990000005, -100.0, -100.0, -100.0, -100.0, -7.94108867905351, -8.14697981114816, -8.097227321212497, -7.882719550196907, -100.0 ],
    [ -100.0, -4.28059, -3.6451000000000002, -2.939, -2.71, -3.439, -4.0951, -4.68559, -5.217031, -5.6953279000000006, -6.12579511, -6.5132155990000005, -6.861894039100001, -100.0, -7.458134171671, -7.7123207545039, -7.94108867905351, -8.14697981114816, -8.097227321212497, -100.0 ],
    [ -100.0, -4.0951, -3.439, -2.71, -1.9, -2.71, -3.439, -4.0951, -4.68559, -5.217031, -5.6953279000000006, -6.12579511, -6.5132155990000005, -100.0, -7.175704635190001, -7.458134171671, -7.7123207545039, -7.94108867905351, -8.14697981114816, -100.0 ],
    [ -100.0, -3.439, -2.71, -1.9, -1.0, -1.9, -2.71, -3.439, -100.0, -100.0, -5.217031, -5.6953279000000006, -6.12579511, -100.0, -6.861894039100001, -7.175704635190001, -7.458134171671, -7.7123207545039, -7.94108867905351, -100.0 ],
    [ -100.0, -2.71, -1.9, -1.0, 0.0, -1.0, -1.9, -2.71, -3.439, -4.0951, -4.68559, -5.217031, -5.6953279000000006, -6.12579511, -6.5132155990000005, -6.861894039100001, -7.175704635190001, -7.458134171671, -7.7123207545039, -100.0 ],
    [ -100.0, -3.439, -2.71, -1.9, -1.0, -1.9, -100.0, -3.439, -4.0951, -4.68559, -5.217031, -5.6953279000000006, -6.12579511, -6.5132155990000005, -6.861894039100001, -7.175704635190001, -7.458134171671, -7.7123207545039, -7.94108867905351, -100.0 ],
    [ -100.0, -4.0951, -3.439, -2.71, -1.9, -2.71, -100.0, -4.0951, -4.68559, -5.217031, -5.6953279000000006, -6.12579511, -6.5132155990000005, -6.861894039100001, -7.175704635190001, -7.458134171671, -7.7123207545039, -7.94108867905351, -8.14697981114816, -100.0 ],
    [ -100.0, -100.0, -100.0, -100.0, -100.0, -100.0, -100.0, -100.0, -100.0, -100.0, -100.0, -100.0, -100.0, -100.0, -100.0, -100.0, -100.0, -100.0, -100.0, -100.0 ]
  ]
}
